burhan pondok 0 
  7257104 
  -932396881 
  7258192 
  7209152 
  7258304 
  7258296 
  -932395165 
  2297856 
  7209660 
  6421660 
  7208960 
  83886085 
  7258376 
  2047 
  0 
  2007287535 
  6419112 
  257 
  7218672 
  0 
  1956067999 
  5439580 
  0 
  6416552 
  9437326 
  7602286 
  0 
  0 
  7236064 
  1952 
  6417292 
  6417208 
  0 
  -351 
  0 
  0 
  0 
  7218824 
  6418304 
  3342384 
  0 
  6417992 
  1252 
  1245202 
  3735608 
  6226014 
  539369502 
  11206826 
  13697232 
  0 
  7602291 
  7209061 
  13 
  539041824 
  11337900 
  0 
  34078800 
  7276128 
  6357114 
  0 
  9 
  7208960 
  7208961 
  0 
  3 
  7275284 
  7285728 
  0 
  7307232 
  1 
  7298136 
  1342177617 
  0 
  16843105 
  0 
  0 
  2007466976 
  6420916 
  0 
  6420988 
  0 
  15798160 
  15794176 
  -1040186941 
  451 
  127 
  4199136 
  6421480 
  6421504 
  1878005308 
  1 
  1878000396 
  1 
  1878006816 
  6 
  1877910229 
  12 
  4199136 
  4203696 
burhan pondok,gede 28 senior
keke jatingaleh 27 ob
harun karanganyar 29 direktur
kaka embuh 25 sales
